node_id,node_name,node_type,line_num,rtl_name,op_type,core_name,bitwidth,opcode,m_delay,topo_index,oprand_edges,latency,lut,ff,dsp,bram,uram
0_7,horizon,0,0,not_exist,not_exist,not_exist,4,alloca,0.00,1,['533'],"['0', '0']",0,0,0,0,0
0_8,starting_node_read,0,0,not_exist,not_exist,not_exist,64,read,0.00,2,"['535', '536']","['0', '0']",0,0,0,0,0
0_9,empty,0,0,empty_fu_793_p1,not_exist,not_exist,7,trunc,0.00,3,['537'],"['0', '0']",0,0,0,0,0
0_23,tmp,0,18,tmp_fu_807_p3,not_exist,not_exist,1,bitselect,0.00,10,"['539', '540', '542']","['1', '0']",0,0,0,0,0
0_24,zext_ln18,0,18,zext_ln18_fu_797_p1,not_exist,not_exist,64,zext,0.00,4,['543'],"['0', '0']",0,0,0,0,0
0_25,level_addr,0,18,not_exist,not_exist,not_exist,7,getelementptr,0.00,5,"['544', '546', '547']","['0', '0']",0,0,0,0,0
0_26,level_load,0,18,not_exist,ram,RAM,16,load,2.26,6,['548'],"['0', '1']",0,0,0,0,0
0_27,tmp_1,0,18,tmp_1_fu_814_p3,not_exist,not_exist,4,bitconcatenate,0.00,11,"['550', '551', '553']","['1', '0']",0,0,0,0,0
0_28,zext_ln18_1,0,18,zext_ln18_1_fu_822_p1,not_exist,not_exist,16,zext,0.00,12,['554'],"['1', '0']",0,0,0,0,0
0_29,shl_ln18,0,18,shl_ln18_fu_826_p2,shl,Shifter,16,shl,0.00,13,"['556', '557']","['1', '0']",35,0,0,0,0
0_30,xor_ln18,0,18,xor_ln18_fu_832_p2,xor,LogicGate,16,xor,0.00,14,"['558', '560']","['1', '0']",16,0,0,0,0
0_31,and_ln18,0,18,and_ln18_fu_838_p2,and,LogicGate,16,and,1.67,15,"['561', '562']","['1', '0']",16,0,0,0,0
0_32,level_addr_write_ln18,0,18,not_exist,ram,RAM,0,store,2.26,16,"['563', '564', '1765']","['1', '0']",0,0,0,0,0
0_33,level_counts_addr,0,19,not_exist,not_exist,not_exist,4,getelementptr,0.00,7,"['565', '566', '567']","['0', '0']",0,0,0,0,0
0_34,level_counts_addr_write_ln19,0,19,not_exist,ram,RAM,0,store,1.14,8,"['569', '570']","['0', '0']",0,0,0,0,0
0_35,horizon_write_ln21,0,21,not_exist,not_exist,not_exist,0,store,0.84,9,"['572', '573']","['0', '0']",0,0,0,0,0
0_36,br_ln21,0,21,not_exist,not_exist,not_exist,0,br,0.00,17,['574'],"['1', '0']",0,0,0,0,0
0_38,horizon_1,0,21,not_exist,not_exist,not_exist,4,load,0.00,18,"['575', '1788']","['2', '0']",0,0,0,0,0
0_39,zext_ln21,0,21,zext_ln21_fu_848_p1,not_exist,not_exist,8,zext,0.00,19,['576'],"['2', '0']",0,0,0,0,0
0_40,icmp_ln21,0,21,icmp_ln21_fu_852_p2,icmp,Cmp,1,icmp,0.87,20,"['577', '579']","['2', '0']",9,0,0,0,0
0_42,br_ln21,0,21,not_exist,not_exist,not_exist,0,br,0.00,21,"['580', '581', '582']","['2', '0']",0,0,0,0,0
0_45,conv20,0,21,conv20_fu_858_p2,not_exist,not_exist,4,or,0.00,22,"['583', '585']","['2', '0']",4,0,0,0,0
0_46,zext_ln24,0,24,zext_ln24_fu_864_p1,not_exist,not_exist,8,zext,0.00,23,['586'],"['2', '0']",0,0,0,0,0
0_47,br_ln24,0,24,not_exist,not_exist,not_exist,0,br,0.84,24,['587'],"['2', '0']",0,0,0,0,0
0_49,cnt,0,0,not_exist,not_exist,not_exist,64,phi,0.00,26,"['588', '589', '590', '591']","['3', '0']",0,0,0,0,0
0_50,n,0,0,not_exist,not_exist,not_exist,9,phi,0.00,27,"['593', '594', '595', '596']","['3', '0']",0,0,0,0,0
0_51,zext_ln24_1,0,24,zext_ln24_1_fu_868_p1,not_exist,not_exist,64,zext,0.00,28,['597'],"['3', '0']",0,0,0,0,0
0_52,tmp_2,0,24,tmp_2_fu_872_p3,not_exist,not_exist,1,bitselect,0.00,29,"['599', '600', '602']","['3', '0']",0,0,0,0,0
0_54,br_ln24,0,24,not_exist,not_exist,not_exist,0,br,0.00,30,"['603', '604', '605']","['3', '0']",0,0,0,0,0
0_57,tmp_3,0,25,tmp_3_fu_911_p3,not_exist,not_exist,1,bitselect,0.00,43,"['606', '607', '608']","['4', '0']",0,0,0,0,0
0_58,and_ln1,0,25,and_ln1_fu_919_p3,not_exist,not_exist,4,bitconcatenate,0.00,44,"['609', '610', '611']","['4', '0']",0,0,0,0,0
0_59,trunc_ln24,0,24,trunc_ln24_fu_880_p1,not_exist,not_exist,7,trunc,0.00,31,['612'],"['3', '0']",0,0,0,0,0
0_60,zext_ln25,0,25,zext_ln25_fu_884_p1,not_exist,not_exist,64,zext,0.00,32,['613'],"['3', '0']",0,0,0,0,0
0_61,level_addr_1,0,25,not_exist,not_exist,not_exist,7,getelementptr,0.00,33,"['614', '615', '616']","['3', '0']",0,0,0,0,0
0_62,level_load_1,0,25,not_exist,ram,RAM,16,load,2.26,34,['617'],"['3', '1']",0,0,0,0,0
0_63,zext_ln25_1,0,25,zext_ln25_1_fu_927_p1,not_exist,not_exist,16,zext,0.00,45,['618'],"['4', '0']",0,0,0,0,0
0_64,lshr_ln25,0,25,lshr_ln25_fu_931_p2,lshr,Shifter,16,lshr,0.00,46,"['619', '620']","['4', '0']",35,0,0,0,0
0_65,trunc_ln25,0,25,trunc_ln25_fu_937_p1,not_exist,not_exist,8,trunc,0.00,47,['621'],"['4', '0']",0,0,0,0,0
0_66,icmp_ln25,0,25,icmp_ln25_fu_941_p2,icmp,Cmp,1,icmp,2.00,48,"['622', '623']","['4', '0']",11,0,0,0,0
0_67,br_ln25,0,25,not_exist,not_exist,not_exist,0,br,0.84,49,"['624', '625', '626']","['4', '0']",0,0,0,0,0
0_69,nodes_addr,0,26,not_exist,not_exist,not_exist,8,getelementptr,0.00,50,"['627', '628', '629']","['4', '0']",0,0,0,0,0
0_70,nodes_load,0,26,not_exist,ram,RAM,128,load,2.26,51,['630'],"['4', '1']",0,0,0,0,0
0_71,tmp_begin,0,26,tmp_begin_fu_946_p1,not_exist,not_exist,64,trunc,0.00,52,['631'],"['5', '0']",0,0,0,0,0
0_72,tmp_end,0,27,tmp_end_reg_2472,not_exist,not_exist,64,partselect,0.00,53,"['633', '634', '636', '638']","['5', '0']",0,64,0,0,0
0_73,icmp_ln28,0,28,icmp_ln28_fu_950_p2,icmp,Cmp,1,icmp,1.40,54,"['639', '640']","['5', '0']",29,0,0,0,0
0_74,br_ln28,0,28,not_exist,not_exist,not_exist,0,br,0.84,55,"['641', '642', '643']","['5', '0']",0,0,0,0,0
0_76,br_ln28,0,28,not_exist,not_exist,not_exist,0,br,0.84,56,['644'],"['5', '0']",0,0,0,0,0
0_78,cnt_4_0,0,0,not_exist,not_exist,not_exist,64,phi,0.00,57,"['645', '646', '647', '648']","['6', '0']",0,0,0,0,0
0_79,e_1_0,0,0,not_exist,not_exist,not_exist,64,phi,0.00,58,"['649', '650', '651', '652']","['6', '0']",0,0,0,0,0
0_80,icmp_ln28_1,0,28,icmp_ln28_1_fu_956_p2,icmp,Cmp,1,icmp,1.40,59,"['653', '654']","['6', '0']",29,0,0,0,0
0_81,br_ln28,0,28,not_exist,not_exist,not_exist,0,br,0.84,60,"['655', '656', '657']","['6', '0']",0,0,0,0,0
0_84,lshr_ln1,0,29,lshr_ln1_fu_961_p4,not_exist,not_exist,11,partselect,0.00,61,"['677', '678', '679', '681']","['6', '0']",0,0,0,0,0
0_85,zext_ln29,0,29,zext_ln29_fu_971_p1,not_exist,not_exist,64,zext,0.00,62,['682'],"['6', '0']",0,0,0,0,0
0_86,edges_0_addr,0,29,not_exist,not_exist,not_exist,11,getelementptr,0.00,63,"['683', '684', '685']","['6', '0']",0,0,0,0,0
0_87,edges_0_load,0,29,not_exist,ram,RAM,64,load,2.26,64,['686'],"['6', '1']",0,0,0,0,0
0_88,edges_1_addr,0,29,not_exist,not_exist,not_exist,11,getelementptr,0.00,65,"['687', '688', '689']","['6', '0']",0,0,0,0,0
0_89,edges_1_load,0,29,not_exist,ram,RAM,64,load,2.26,66,['690'],"['6', '1']",0,0,0,0,0
0_90,trunc_ln28,0,28,trunc_ln28_fu_977_p1,not_exist,not_exist,1,trunc,0.00,67,['691'],"['7', '0']",0,0,0,0,0
0_91,tmp_dst,0,29,mux_21_64_1_1_U1,mux,Multiplexer,64,mux,0.84,68,"['693', '694', '695', '696']","['7', '0']",9,0,0,0,0
0_92,trunc_ln30,0,30,trunc_ln30_fu_991_p1,not_exist,not_exist,7,trunc,0.00,69,['697'],"['7', '0']",0,0,0,0,0
0_93,tmp_6,0,30,tmp_6_fu_1008_p3,not_exist,not_exist,1,bitselect,0.00,74,"['698', '699', '700']","['8', '0']",0,0,0,0,0
0_94,tmp_7,0,30,tmp_7_reg_2506,not_exist,not_exist,1,bitselect,0.00,70,"['701', '702', '703']","['7', '0']",0,1,0,0,0
0_95,zext_ln30,0,30,zext_ln30_fu_1003_p1,not_exist,not_exist,64,zext,0.00,71,['704'],"['7', '0']",0,0,0,0,0
0_96,level_addr_3,0,30,not_exist,not_exist,not_exist,7,getelementptr,0.00,72,"['705', '706', '707']","['7', '0']",0,0,0,0,0
0_97,level_load_3,0,30,not_exist,ram,RAM,16,load,2.26,73,['708'],"['7', '1']",0,0,0,0,0
0_98,tmp_8,0,30,tmp_8_fu_1015_p3,not_exist,not_exist,4,bitconcatenate,0.00,75,"['709', '710', '711']","['8', '0']",0,0,0,0,0
0_99,zext_ln30_1,0,30,zext_ln30_1_fu_1023_p1,not_exist,not_exist,16,zext,0.00,76,['712'],"['8', '0']",0,0,0,0,0
0_100,lshr_ln30,0,30,lshr_ln30_fu_1027_p2,lshr,Shifter,16,lshr,0.00,77,"['713', '714']","['8', '0']",35,0,0,0,0
0_101,trunc_ln30_1,0,30,trunc_ln30_1_fu_1033_p1,not_exist,not_exist,8,trunc,0.00,78,['715'],"['8', '0']",0,0,0,0,0
0_102,icmp_ln32,0,32,icmp_ln32_fu_1037_p2,icmp,Cmp,1,icmp,2.00,79,"['716', '718']","['8', '0']",11,0,0,0,0
0_103,br_ln32,0,32,not_exist,not_exist,not_exist,0,br,0.84,80,"['719', '720', '721']","['8', '0']",0,0,0,0,0
0_105,tmp_9,0,33,tmp_9_fu_1043_p3,not_exist,not_exist,4,bitconcatenate,0.00,81,"['722', '723', '724']","['8', '0']",0,0,0,0,0
0_106,zext_ln33,0,33,zext_ln33_fu_1050_p1,not_exist,not_exist,16,zext,0.00,82,['725'],"['8', '0']",0,0,0,0,0
0_107,shl_ln33,0,33,shl_ln33_fu_1054_p2,shl,Shifter,16,shl,0.00,83,"['726', '727']","['8', '0']",35,0,0,0,0
0_108,xor_ln33,0,33,xor_ln33_fu_1060_p2,xor,LogicGate,16,xor,0.00,84,"['728', '729']","['8', '0']",16,0,0,0,0
0_109,and_ln33,0,33,and_ln33_fu_1066_p2,and,LogicGate,16,and,0.00,85,"['730', '731']","['8', '0']",16,0,0,0,0
0_110,zext_ln33_1,0,33,zext_ln33_1_fu_1072_p1,not_exist,not_exist,16,zext,0.00,86,['732'],"['8', '0']",0,0,0,0,0
0_111,shl_ln33_1,0,33,shl_ln33_1_fu_1075_p2,shl,Shifter,16,shl,0.00,87,"['733', '734']","['8', '0']",35,0,0,0,0
0_112,or_ln33,0,33,or_ln33_fu_1081_p2,or,LogicGate,16,or,1.67,88,"['735', '736']","['8', '0']",16,0,0,0,0
0_113,level_addr_3_write_ln33,0,33,not_exist,ram,RAM,0,store,2.26,89,"['737', '738', '1766']","['8', '0']",0,0,0,0,0
0_114,add_ln34,0,34,add_ln34_fu_1088_p2,add,Adder,64,add,1.81,90,"['739', '740']","['8', '0']",71,0,0,0,0
0_115,br_ln35,0,35,not_exist,not_exist,not_exist,0,br,0.84,91,['741'],"['8', '0']",0,0,0,0,0
0_117,cnt_2_0,0,34,not_exist,not_exist,not_exist,64,phi,0.00,95,"['658', '659', '660', '661']","['9', '0']",0,0,0,0,0
0_118,add_ln28,0,28,add_ln28_fu_1094_p2,add,Adder,64,add,1.81,92,"['662', '663']","['8', '0']",71,0,0,0,0
0_119,trunc_ln28_1,0,28,trunc_ln28_1_fu_1110_p1,not_exist,not_exist,12,trunc,0.00,96,['664'],"['9', '0']",0,0,0,0,0
0_120,add_ln28_8,0,28,add_ln28_8_fu_1114_p2,add,Adder,12,add,1.33,97,"['665', '667']","['9', '0']",19,0,0,0,0
0_121,xor_ln28,0,28,xor_ln28_fu_1100_p2,xor,LogicGate,1,xor,0.48,93,"['668', '670']","['8', '0']",2,0,0,0,0
0_122,icmp_ln28_4,0,28,icmp_ln28_4_fu_1105_p2,icmp,Cmp,1,icmp,1.40,94,"['671', '672']","['8', '0']",29,0,0,0,0
0_123,br_ln28,0,28,not_exist,not_exist,not_exist,0,br,0.84,98,"['673', '674', '675']","['9', '0']",0,0,0,0,0
0_125,lshr_ln29_1,0,29,lshr_ln29_1_fu_1120_p4,not_exist,not_exist,11,partselect,0.00,99,"['751', '752', '753', '754']","['9', '0']",0,0,0,0,0
0_126,zext_ln29_1,0,29,zext_ln29_1_fu_1130_p1,not_exist,not_exist,64,zext,0.00,100,['755'],"['9', '0']",0,0,0,0,0
0_127,edges_0_addr_1,0,29,not_exist,not_exist,not_exist,11,getelementptr,0.00,101,"['756', '757', '758']","['9', '0']",0,0,0,0,0
0_128,edges_0_load_1,0,29,not_exist,ram,RAM,64,load,2.26,102,['759'],"['9', '1']",0,0,0,0,0
0_129,edges_1_addr_1,0,29,not_exist,not_exist,not_exist,11,getelementptr,0.00,103,"['760', '761', '762']","['9', '0']",0,0,0,0,0
0_130,edges_1_load_1,0,29,not_exist,ram,RAM,64,load,2.26,104,['763'],"['9', '1']",0,0,0,0,0
0_131,tmp_dst_s,0,29,mux_21_64_1_1_U2,mux,Multiplexer,64,mux,0.84,107,"['764', '765', '766', '767']","['10', '0']",9,0,0,0,0
0_132,trunc_ln30_2,0,30,trunc_ln30_2_fu_1145_p1,not_exist,not_exist,7,trunc,0.00,108,['768'],"['10', '0']",0,0,0,0,0
0_133,tmp_10,0,30,tmp_10_fu_1162_p3,not_exist,not_exist,1,bitselect,0.00,113,"['769', '770', '771']","['11', '0']",0,0,0,0,0
0_134,tmp_11,0,30,tmp_11_reg_2548,not_exist,not_exist,1,bitselect,0.00,109,"['772', '773', '774']","['10', '0']",0,1,0,0,0
0_135,zext_ln30_2,0,30,zext_ln30_2_fu_1157_p1,not_exist,not_exist,64,zext,0.00,110,['775'],"['10', '0']",0,0,0,0,0
0_136,level_addr_5,0,30,not_exist,not_exist,not_exist,7,getelementptr,0.00,111,"['776', '777', '778']","['10', '0']",0,0,0,0,0
0_137,level_load_5,0,30,not_exist,ram,RAM,16,load,2.26,112,"['779', '1768']","['10', '1']",0,0,0,0,0
0_138,tmp_12,0,30,tmp_12_fu_1169_p3,not_exist,not_exist,4,bitconcatenate,0.00,114,"['780', '781', '782']","['11', '0']",0,0,0,0,0
0_139,zext_ln30_3,0,30,zext_ln30_3_fu_1177_p1,not_exist,not_exist,16,zext,0.00,115,['783'],"['11', '0']",0,0,0,0,0
0_140,lshr_ln30_1,0,30,lshr_ln30_1_fu_1181_p2,lshr,Shifter,16,lshr,0.00,116,"['784', '785']","['11', '0']",35,0,0,0,0
0_141,trunc_ln30_3,0,30,trunc_ln30_3_fu_1187_p1,not_exist,not_exist,8,trunc,0.00,117,['786'],"['11', '0']",0,0,0,0,0
0_142,icmp_ln32_1,0,32,icmp_ln32_1_fu_1191_p2,icmp,Cmp,1,icmp,2.00,118,"['787', '788']","['11', '0']",11,0,0,0,0
0_143,br_ln32,0,32,not_exist,not_exist,not_exist,0,br,0.84,119,"['789', '790', '791']","['11', '0']",0,0,0,0,0
0_145,tmp_16,0,33,tmp_16_fu_1197_p3,not_exist,not_exist,4,bitconcatenate,0.00,120,"['792', '793', '794']","['11', '0']",0,0,0,0,0
0_146,zext_ln33_2,0,33,zext_ln33_2_fu_1204_p1,not_exist,not_exist,16,zext,0.00,121,['795'],"['11', '0']",0,0,0,0,0
0_147,shl_ln33_2,0,33,shl_ln33_2_fu_1208_p2,shl,Shifter,16,shl,0.00,122,"['796', '797']","['11', '0']",35,0,0,0,0
0_148,xor_ln33_1,0,33,xor_ln33_1_fu_1214_p2,xor,LogicGate,16,xor,0.00,123,"['798', '799']","['11', '0']",16,0,0,0,0
0_149,and_ln33_1,0,33,and_ln33_1_fu_1220_p2,and,LogicGate,16,and,0.00,124,"['800', '801']","['11', '0']",16,0,0,0,0
0_150,zext_ln33_3,0,33,zext_ln33_3_fu_1226_p1,not_exist,not_exist,16,zext,0.00,125,['802'],"['11', '0']",0,0,0,0,0
0_151,shl_ln33_3,0,33,shl_ln33_3_fu_1229_p2,shl,Shifter,16,shl,0.00,126,"['803', '804']","['11', '0']",35,0,0,0,0
0_152,or_ln33_1,0,33,or_ln33_1_fu_1235_p2,or,LogicGate,16,or,1.67,127,"['805', '806']","['11', '0']",16,0,0,0,0
0_153,level_addr_5_write_ln33,0,33,not_exist,ram,RAM,0,store,2.26,128,"['807', '808', '1767', '1770', '1771']","['11', '0']",0,0,0,0,0
0_154,add_ln34_1,0,34,add_ln34_1_fu_1242_p2,add,Adder,64,add,1.81,129,"['809', '810']","['11', '0']",71,0,0,0,0
0_155,br_ln35,0,35,not_exist,not_exist,not_exist,0,br,0.84,130,['811'],"['11', '0']",0,0,0,0,0
0_157,cnt_2_1,0,34,not_exist,not_exist,not_exist,64,phi,0.00,132,"['742', '743', '744', '745']","['12', '0']",0,0,0,0,0
0_158,add_ln28_1,0,28,add_ln28_1_fu_1248_p2,add,Adder,64,add,1.81,131,"['746', '748']","['11', '0']",71,0,0,0,0
0_159,br_ln28,0,28,not_exist,not_exist,not_exist,0,br,0.00,133,['749'],"['12', '0']",0,0,0,0,0
0_161,cnt_2_ph,0,34,not_exist,not_exist,not_exist,64,phi,0.00,105,"['812', '813', '814', '815']","['9', '0']",0,0,0,0,0
0_162,br_ln0,0,0,not_exist,not_exist,not_exist,0,br,0.84,106,['816'],"['9', '0']",0,0,0,0,0
0_164,cnt_2,0,0,not_exist,not_exist,not_exist,64,phi,0.00,134,"['817', '818', '819', '820', '821', '822']","['13', '0']",0,0,0,0,0
0_165,trunc_ln24_2,0,24,trunc_ln24_2_fu_1264_p1,not_exist,not_exist,8,trunc,0.00,139,['823'],"['14', '0']",0,0,0,0,0
0_166,n_2,0,24,n_2_fu_1268_p2,not_exist,not_exist,8,or,0.00,140,"['824', '826']","['14', '0']",8,0,0,0,0
0_167,zext_ln16,0,16,zext_ln16_fu_1274_p1,not_exist,not_exist,64,zext,0.00,141,['827'],"['14', '0']",0,0,0,0,0
0_168,or_ln16,0,16,or_ln16_fu_1254_p2,not_exist,not_exist,7,or,0.00,135,"['828', '830']","['13', '0']",7,0,0,0,0
0_169,zext_ln25_4,0,25,zext_ln25_4_fu_1259_p1,not_exist,not_exist,64,zext,0.00,136,['831'],"['13', '0']",0,0,0,0,0
0_170,level_addr_4,0,25,not_exist,not_exist,not_exist,7,getelementptr,0.00,137,"['832', '833', '834']","['13', '0']",0,0,0,0,0
0_171,level_load_4,0,25,not_exist,ram,RAM,16,load,2.26,138,"['835', '1769']","['13', '1']",0,0,0,0,0
0_172,zext_ln25_6,0,25,zext_ln25_6_fu_1279_p1,not_exist,not_exist,16,zext,0.00,142,['836'],"['14', '0']",0,0,0,0,0
0_173,lshr_ln25_2,0,25,lshr_ln25_2_fu_1282_p2,lshr,Shifter,16,lshr,0.00,143,"['837', '838']","['14', '0']",35,0,0,0,0
0_174,trunc_ln25_2,0,25,trunc_ln25_2_fu_1288_p1,not_exist,not_exist,8,trunc,0.00,144,['839'],"['14', '0']",0,0,0,0,0
0_175,icmp_ln25_2,0,25,icmp_ln25_2_fu_1292_p2,icmp,Cmp,1,icmp,2.00,145,"['840', '841']","['14', '0']",11,0,0,0,0
0_176,br_ln25,0,25,not_exist,not_exist,not_exist,0,br,0.84,146,"['842', '843', '844']","['14', '0']",0,0,0,0,0
0_178,nodes_addr_2,0,26,not_exist,not_exist,not_exist,8,getelementptr,0.00,147,"['1131', '1132', '1133']","['14', '0']",0,0,0,0,0
0_179,nodes_load_2,0,26,not_exist,ram,RAM,128,load,2.26,148,['1134'],"['14', '1']",0,0,0,0,0
0_180,tmp_begin_2,0,26,tmp_begin_2_fu_1297_p1,not_exist,not_exist,64,trunc,0.00,149,['1135'],"['15', '0']",0,0,0,0,0
0_181,tmp_end_2,0,27,tmp_end_reg_2472,not_exist,not_exist,64,partselect,0.00,150,"['1136', '1137', '1138', '1139']","['15', '0']",0,64,0,0,0
0_182,icmp_ln28_3,0,28,icmp_ln28_3_fu_1301_p2,icmp,Cmp,1,icmp,1.40,151,"['1140', '1141']","['15', '0']",29,0,0,0,0
0_183,br_ln28,0,28,not_exist,not_exist,not_exist,0,br,0.84,152,"['1142', '1143', '1144']","['15', '0']",0,0,0,0,0
0_185,br_ln28,0,28,not_exist,not_exist,not_exist,0,br,0.84,153,['1145'],"['15', '0']",0,0,0,0,0
0_187,cnt_10_0,0,0,not_exist,not_exist,not_exist,64,phi,0.00,154,"['1146', '1147', '1148', '1149']","['16', '0']",0,0,0,0,0
0_188,e_7_0,0,0,not_exist,not_exist,not_exist,64,phi,0.00,155,"['1150', '1151', '1152', '1153']","['16', '0']",0,0,0,0,0
0_189,icmp_ln28_7,0,28,icmp_ln28_7_fu_1307_p2,icmp,Cmp,1,icmp,1.40,156,"['1154', '1155']","['16', '0']",29,0,0,0,0
0_190,br_ln28,0,28,not_exist,not_exist,not_exist,0,br,0.84,157,"['1156', '1157', '1158']","['16', '0']",0,0,0,0,0
0_193,lshr_ln29_3,0,29,lshr_ln29_3_fu_1313_p4,not_exist,not_exist,11,partselect,0.00,158,"['1175', '1176', '1177', '1178']","['16', '0']",0,0,0,0,0
0_194,zext_ln29_4,0,29,zext_ln29_4_fu_1323_p1,not_exist,not_exist,64,zext,0.00,159,['1179'],"['16', '0']",0,0,0,0,0
0_195,edges_0_addr_3,0,29,not_exist,not_exist,not_exist,11,getelementptr,0.00,160,"['1180', '1181', '1182']","['16', '0']",0,0,0,0,0
0_196,edges_0_load_3,0,29,not_exist,ram,RAM,64,load,2.26,161,['1183'],"['16', '1']",0,0,0,0,0
0_197,edges_1_addr_3,0,29,not_exist,not_exist,not_exist,11,getelementptr,0.00,162,"['1184', '1185', '1186']","['16', '0']",0,0,0,0,0
0_198,edges_1_load_3,0,29,not_exist,ram,RAM,64,load,2.26,163,['1187'],"['16', '1']",0,0,0,0,0
0_199,trunc_ln28_4,0,28,trunc_ln28_4_fu_1329_p1,not_exist,not_exist,1,trunc,0.00,164,['1188'],"['17', '0']",0,0,0,0,0
0_200,tmp_dst_2,0,29,mux_21_64_1_1_U3,mux,Multiplexer,64,mux,0.84,165,"['1189', '1190', '1191', '1192']","['17', '0']",9,0,0,0,0
0_201,trunc_ln30_8,0,30,trunc_ln30_8_fu_1343_p1,not_exist,not_exist,7,trunc,0.00,166,['1193'],"['17', '0']",0,0,0,0,0
0_202,tmp_22,0,30,tmp_22_fu_1360_p3,not_exist,not_exist,1,bitselect,0.00,171,"['1194', '1195', '1196']","['18', '0']",0,0,0,0,0
0_203,tmp_23,0,30,tmp_23_reg_2617,not_exist,not_exist,1,bitselect,0.00,167,"['1197', '1198', '1199']","['17', '0']",0,1,0,0,0
0_204,zext_ln30_8,0,30,zext_ln30_8_fu_1355_p1,not_exist,not_exist,64,zext,0.00,168,['1200'],"['17', '0']",0,0,0,0,0
0_205,level_addr_8,0,30,not_exist,not_exist,not_exist,7,getelementptr,0.00,169,"['1201', '1202', '1203']","['17', '0']",0,0,0,0,0
0_206,level_load_8,0,30,not_exist,ram,RAM,16,load,2.26,170,['1204'],"['17', '1']",0,0,0,0,0
0_207,tmp_24,0,30,tmp_24_fu_1367_p3,not_exist,not_exist,4,bitconcatenate,0.00,172,"['1205', '1206', '1207']","['18', '0']",0,0,0,0,0
0_208,zext_ln30_9,0,30,zext_ln30_9_fu_1375_p1,not_exist,not_exist,16,zext,0.00,173,['1208'],"['18', '0']",0,0,0,0,0
0_209,lshr_ln30_4,0,30,lshr_ln30_4_fu_1379_p2,lshr,Shifter,16,lshr,0.00,174,"['1209', '1210']","['18', '0']",35,0,0,0,0
0_210,trunc_ln30_9,0,30,trunc_ln30_9_fu_1385_p1,not_exist,not_exist,8,trunc,0.00,175,['1211'],"['18', '0']",0,0,0,0,0
0_211,icmp_ln32_3,0,32,icmp_ln32_3_fu_1389_p2,icmp,Cmp,1,icmp,2.00,176,"['1212', '1213']","['18', '0']",11,0,0,0,0
0_212,br_ln32,0,32,not_exist,not_exist,not_exist,0,br,0.84,177,"['1214', '1215', '1216']","['18', '0']",0,0,0,0,0
0_214,tmp_25,0,33,tmp_25_fu_1395_p3,not_exist,not_exist,4,bitconcatenate,0.00,178,"['1217', '1218', '1219']","['18', '0']",0,0,0,0,0
0_215,zext_ln33_8,0,33,zext_ln33_8_fu_1402_p1,not_exist,not_exist,16,zext,0.00,179,['1220'],"['18', '0']",0,0,0,0,0
0_216,shl_ln33_8,0,33,shl_ln33_8_fu_1406_p2,shl,Shifter,16,shl,0.00,180,"['1221', '1222']","['18', '0']",35,0,0,0,0
0_217,xor_ln33_4,0,33,xor_ln33_4_fu_1412_p2,xor,LogicGate,16,xor,0.00,181,"['1223', '1224']","['18', '0']",16,0,0,0,0
0_218,and_ln33_4,0,33,and_ln33_4_fu_1418_p2,and,LogicGate,16,and,0.00,182,"['1225', '1226']","['18', '0']",16,0,0,0,0
0_219,zext_ln33_9,0,33,zext_ln33_9_fu_1424_p1,not_exist,not_exist,16,zext,0.00,183,['1227'],"['18', '0']",0,0,0,0,0
0_220,shl_ln33_9,0,33,shl_ln33_9_fu_1427_p2,shl,Shifter,16,shl,0.00,184,"['1228', '1229']","['18', '0']",35,0,0,0,0
0_221,or_ln33_4,0,33,or_ln33_4_fu_1433_p2,or,LogicGate,16,or,1.67,185,"['1230', '1231']","['18', '0']",16,0,0,0,0
0_222,level_addr_8_write_ln33,0,33,not_exist,ram,RAM,0,store,2.26,186,"['1232', '1233', '1772']","['18', '0']",0,0,0,0,0
0_223,add_ln34_3,0,34,add_ln34_3_fu_1440_p2,add,Adder,64,add,1.81,187,"['1234', '1235']","['18', '0']",71,0,0,0,0
0_224,br_ln35,0,35,not_exist,not_exist,not_exist,0,br,0.84,188,['1236'],"['18', '0']",0,0,0,0,0
0_226,cnt_13_0,0,34,not_exist,not_exist,not_exist,64,phi,0.00,189,"['1159', '1160', '1161', '1162']","['18', '0']",0,0,0,0,0
0_227,add_ln28_3,0,28,add_ln28_3_fu_1447_p2,add,Adder,64,add,1.81,190,"['1163', '1164']","['18', '0']",71,0,0,0,0
0_228,trunc_ln28_5,0,28,trunc_ln28_5_fu_1453_p1,not_exist,not_exist,12,trunc,0.00,191,['1165'],"['18', '0']",0,0,0,0,0
0_229,add_ln28_10,0,28,add_ln28_10_fu_1457_p2,add,Adder,12,add,1.33,192,"['1166', '1167']","['18', '0']",19,0,0,0,0
0_230,xor_ln28_2,0,28,xor_ln28_2_fu_1463_p2,xor,LogicGate,1,xor,0.48,193,"['1168', '1169']","['18', '0']",2,0,0,0,0
0_231,icmp_ln28_9,0,28,icmp_ln28_9_fu_1468_p2,icmp,Cmp,1,icmp,1.40,194,"['1170', '1171']","['18', '0']",29,0,0,0,0
0_232,br_ln28,0,28,not_exist,not_exist,not_exist,0,br,0.84,195,"['1172', '1173', '1174']","['18', '0']",0,0,0,0,0
0_234,lshr_ln29_5,0,29,lshr_ln29_5_fu_1474_p4,not_exist,not_exist,11,partselect,0.00,196,"['1244', '1245', '1246', '1247']","['18', '0']",0,0,0,0,0
0_235,zext_ln29_5,0,29,zext_ln29_5_fu_1484_p1,not_exist,not_exist,64,zext,0.00,197,['1248'],"['18', '0']",0,0,0,0,0
0_236,edges_0_addr_5,0,29,not_exist,not_exist,not_exist,11,getelementptr,0.00,198,"['1249', '1250', '1251']","['18', '0']",0,0,0,0,0
0_237,edges_0_load_5,0,29,not_exist,ram,RAM,64,load,2.26,199,['1252'],"['18', '1']",0,0,0,0,0
0_238,edges_1_addr_5,0,29,not_exist,not_exist,not_exist,11,getelementptr,0.00,200,"['1253', '1254', '1255']","['18', '0']",0,0,0,0,0
0_239,edges_1_load_5,0,29,not_exist,ram,RAM,64,load,2.26,201,['1256'],"['18', '1']",0,0,0,0,0
0_240,tmp_dst_2_1,0,29,mux_21_64_1_1_U4,mux,Multiplexer,64,mux,0.84,202,"['1257', '1258', '1259', '1260']","['19', '0']",9,0,0,0,0
0_241,trunc_ln30_10,0,30,trunc_ln30_10_fu_1499_p1,not_exist,not_exist,7,trunc,0.00,203,['1261'],"['19', '0']",0,0,0,0,0
0_242,tmp_26,0,30,tmp_26_fu_1516_p3,not_exist,not_exist,1,bitselect,0.00,208,"['1262', '1263', '1264']","['20', '0']",0,0,0,0,0
0_243,tmp_27,0,30,tmp_27_reg_2653,not_exist,not_exist,1,bitselect,0.00,204,"['1265', '1266', '1267']","['19', '0']",0,1,0,0,0
0_244,zext_ln30_10,0,30,zext_ln30_10_fu_1511_p1,not_exist,not_exist,64,zext,0.00,205,['1268'],"['19', '0']",0,0,0,0,0
0_245,level_addr_10,0,30,not_exist,not_exist,not_exist,7,getelementptr,0.00,206,"['1269', '1270', '1271']","['19', '0']",0,0,0,0,0
0_246,level_load_10,0,30,not_exist,ram,RAM,16,load,2.26,207,"['1272', '1774']","['19', '1']",0,0,0,0,0
0_247,tmp_28,0,30,tmp_28_fu_1523_p3,not_exist,not_exist,4,bitconcatenate,0.00,209,"['1273', '1274', '1275']","['20', '0']",0,0,0,0,0
0_248,zext_ln30_11,0,30,zext_ln30_11_fu_1531_p1,not_exist,not_exist,16,zext,0.00,210,['1276'],"['20', '0']",0,0,0,0,0
0_249,lshr_ln30_5,0,30,lshr_ln30_5_fu_1535_p2,lshr,Shifter,16,lshr,0.00,211,"['1277', '1278']","['20', '0']",35,0,0,0,0
0_250,trunc_ln30_11,0,30,trunc_ln30_11_fu_1541_p1,not_exist,not_exist,8,trunc,0.00,212,['1279'],"['20', '0']",0,0,0,0,0
0_251,icmp_ln32_5,0,32,icmp_ln32_5_fu_1545_p2,icmp,Cmp,1,icmp,2.00,213,"['1280', '1281']","['20', '0']",11,0,0,0,0
0_252,br_ln32,0,32,not_exist,not_exist,not_exist,0,br,0.84,214,"['1282', '1283', '1284']","['20', '0']",0,0,0,0,0
0_254,tmp_32,0,33,tmp_32_fu_1551_p3,not_exist,not_exist,4,bitconcatenate,0.00,215,"['1285', '1286', '1287']","['20', '0']",0,0,0,0,0
0_255,zext_ln33_10,0,33,zext_ln33_10_fu_1558_p1,not_exist,not_exist,16,zext,0.00,216,['1288'],"['20', '0']",0,0,0,0,0
0_256,shl_ln33_10,0,33,shl_ln33_10_fu_1562_p2,shl,Shifter,16,shl,0.00,217,"['1289', '1290']","['20', '0']",35,0,0,0,0
0_257,xor_ln33_5,0,33,xor_ln33_5_fu_1568_p2,xor,LogicGate,16,xor,0.00,218,"['1291', '1292']","['20', '0']",16,0,0,0,0
0_258,and_ln33_5,0,33,and_ln33_5_fu_1574_p2,and,LogicGate,16,and,0.00,219,"['1293', '1294']","['20', '0']",16,0,0,0,0
0_259,zext_ln33_11,0,33,zext_ln33_11_fu_1580_p1,not_exist,not_exist,16,zext,0.00,220,['1295'],"['20', '0']",0,0,0,0,0
0_260,shl_ln33_11,0,33,shl_ln33_11_fu_1583_p2,shl,Shifter,16,shl,0.00,221,"['1296', '1297']","['20', '0']",35,0,0,0,0
0_261,or_ln33_5,0,33,or_ln33_5_fu_1589_p2,or,LogicGate,16,or,1.67,222,"['1298', '1299']","['20', '0']",16,0,0,0,0
0_262,level_addr_10_write_ln33,0,33,not_exist,ram,RAM,0,store,2.26,223,"['1300', '1301', '1773', '1775', '1776']","['20', '0']",0,0,0,0,0
0_263,add_ln34_5,0,34,add_ln34_5_fu_1596_p2,add,Adder,64,add,1.81,224,"['1302', '1303']","['20', '0']",71,0,0,0,0
0_264,br_ln35,0,35,not_exist,not_exist,not_exist,0,br,0.84,225,['1304'],"['20', '0']",0,0,0,0,0
0_266,cnt_13_1,0,34,not_exist,not_exist,not_exist,64,phi,0.00,226,"['1237', '1238', '1239', '1240']","['20', '0']",0,0,0,0,0
0_267,add_ln28_5,0,28,add_ln28_5_fu_1603_p2,add,Adder,64,add,1.81,227,"['1241', '1242']","['20', '0']",71,0,0,0,0
0_268,br_ln28,0,28,not_exist,not_exist,not_exist,0,br,0.00,228,['1243'],"['20', '0']",0,0,0,0,0
0_270,cnt_4_ph,0,34,not_exist,not_exist,not_exist,64,phi,0.00,229,"['1305', '1306', '1307', '1308']","['21', '0']",0,0,0,0,0
0_271,br_ln0,0,0,not_exist,not_exist,not_exist,0,br,0.84,230,['1309'],"['21', '0']",0,0,0,0,0
0_273,cnt_4,0,0,not_exist,not_exist,not_exist,64,phi,0.00,232,"['1310', '1311', '1312', '1313', '1314', '1315']","['22', '0']",0,0,0,0,0
0_274,n_4,0,24,n_4_fu_1609_p2,add,Adder,9,add,1.35,231,"['1316', '1318']","['21', '0']",16,0,0,0,0
0_275,br_ln24,0,24,not_exist,not_exist,not_exist,0,br,0.00,233,['1319'],"['22', '0']",0,0,0,0,0
0_277,zext_ln39,0,39,zext_ln39_fu_889_p1,not_exist,not_exist,64,zext,0.00,35,['845'],"['3', '0']",0,0,0,0,0
0_278,shl_ln,0,39,shl_ln_fu_893_p3,not_exist,not_exist,7,bitconcatenate,0.00,36,"['847', '848', '849']","['3', '0']",0,0,0,0,0
0_279,level_counts_addr_1,0,39,not_exist,not_exist,not_exist,4,getelementptr,0.00,37,"['850', '851', '852']","['3', '0']",0,0,0,0,0
0_280,level_counts_addr_1_write_ln39,0,39,not_exist,ram,RAM,0,store,1.14,38,"['853', '854']","['3', '0']",0,0,0,0,0
0_281,icmp_ln39,0,39,icmp_ln39_fu_900_p2,icmp,Cmp,1,icmp,1.40,39,"['855', '856']","['3', '0']",29,0,0,0,0
0_282,br_ln39,0,39,not_exist,not_exist,not_exist,0,br,0.00,40,"['857', '858', '859']","['3', '0']",0,0,0,0,0
0_284,add_ln21,0,21,add_ln21_fu_906_p2,add,Adder,4,add,1.01,41,"['861', '863']","['3', '0']",13,0,0,0,0
0_285,br_ln24,0,24,not_exist,not_exist,not_exist,0,br,0.84,42,['864'],"['3', '0']",0,0,0,0,0
0_287,cnt_1,0,0,not_exist,not_exist,not_exist,64,phi,0.00,234,"['866', '867', '868', '869']","['23', '0']",0,0,0,0,0
0_288,n_1,0,0,not_exist,not_exist,not_exist,9,phi,0.00,235,"['870', '871', '872', '873']","['23', '0']",0,0,0,0,0
0_289,zext_ln24_2,0,24,zext_ln24_2_fu_1615_p1,not_exist,not_exist,64,zext,0.00,236,['874'],"['23', '0']",0,0,0,0,0
0_290,tmp_4,0,24,tmp_4_fu_1619_p3,not_exist,not_exist,1,bitselect,0.00,237,"['875', '876', '877']","['23', '0']",0,0,0,0,0
0_292,br_ln24,0,24,not_exist,not_exist,not_exist,0,br,0.00,238,"['878', '879', '880']","['23', '0']",0,0,0,0,0
0_295,tmp_5,0,25,tmp_5_fu_1666_p3,not_exist,not_exist,1,bitselect,0.00,254,"['881', '882', '883']","['24', '0']",0,0,0,0,0
0_296,and_ln25_1,0,25,and_ln25_1_fu_1674_p3,not_exist,not_exist,4,bitconcatenate,0.00,255,"['884', '885', '886']","['24', '0']",0,0,0,0,0
0_297,trunc_ln24_1,0,24,trunc_ln24_1_fu_1627_p1,not_exist,not_exist,7,trunc,0.00,239,['887'],"['23', '0']",0,0,0,0,0
0_298,zext_ln25_2,0,25,zext_ln25_2_fu_1631_p1,not_exist,not_exist,64,zext,0.00,240,['888'],"['23', '0']",0,0,0,0,0
0_299,level_addr_2,0,25,not_exist,not_exist,not_exist,7,getelementptr,0.00,241,"['889', '890', '891']","['23', '0']",0,0,0,0,0
0_300,level_load_2,0,25,not_exist,ram,RAM,16,load,2.26,242,['892'],"['23', '1']",0,0,0,0,0
0_301,zext_ln25_3,0,25,zext_ln25_3_fu_1682_p1,not_exist,not_exist,16,zext,0.00,256,['893'],"['24', '0']",0,0,0,0,0
0_302,lshr_ln25_1,0,25,lshr_ln25_1_fu_1686_p2,lshr,Shifter,16,lshr,0.00,257,"['894', '895']","['24', '0']",35,0,0,0,0
0_303,trunc_ln25_1,0,25,trunc_ln25_1_fu_1692_p1,not_exist,not_exist,8,trunc,0.00,258,['896'],"['24', '0']",0,0,0,0,0
0_304,icmp_ln25_1,0,25,icmp_ln25_1_fu_1696_p2,icmp,Cmp,1,icmp,2.00,259,"['897', '898']","['24', '0']",11,0,0,0,0
0_305,br_ln25,0,25,not_exist,not_exist,not_exist,0,br,0.84,260,"['899', '900', '901']","['24', '0']",0,0,0,0,0
0_307,nodes_addr_1,0,26,not_exist,not_exist,not_exist,8,getelementptr,0.00,261,"['902', '903', '904']","['24', '0']",0,0,0,0,0
0_308,nodes_load_1,0,26,not_exist,ram,RAM,128,load,2.26,262,['905'],"['24', '1']",0,0,0,0,0
0_309,tmp_begin_1,0,26,tmp_begin_1_fu_1701_p1,not_exist,not_exist,64,trunc,0.00,263,['906'],"['25', '0']",0,0,0,0,0
0_310,tmp_end_1,0,27,tmp_end_reg_2472,not_exist,not_exist,64,partselect,0.00,264,"['907', '908', '909', '910']","['25', '0']",0,64,0,0,0
0_311,icmp_ln28_2,0,28,icmp_ln28_2_fu_1705_p2,icmp,Cmp,1,icmp,1.40,265,"['911', '912']","['25', '0']",29,0,0,0,0
0_312,br_ln28,0,28,not_exist,not_exist,not_exist,0,br,0.84,266,"['913', '914', '915']","['25', '0']",0,0,0,0,0
0_314,br_ln28,0,28,not_exist,not_exist,not_exist,0,br,0.84,267,['916'],"['25', '0']",0,0,0,0,0
0_316,cnt_6_0,0,0,not_exist,not_exist,not_exist,64,phi,0.00,268,"['917', '918', '919', '920']","['26', '0']",0,0,0,0,0
0_317,e_5_0,0,0,not_exist,not_exist,not_exist,64,phi,0.00,269,"['921', '922', '923', '924']","['26', '0']",0,0,0,0,0
0_318,icmp_ln28_5,0,28,icmp_ln28_5_fu_1711_p2,icmp,Cmp,1,icmp,1.40,270,"['925', '926']","['26', '0']",29,0,0,0,0
0_319,br_ln28,0,28,not_exist,not_exist,not_exist,0,br,0.84,271,"['927', '928', '929']","['26', '0']",0,0,0,0,0
0_322,lshr_ln29_2,0,29,lshr_ln29_2_fu_1716_p4,not_exist,not_exist,11,partselect,0.00,272,"['946', '947', '948', '949']","['26', '0']",0,0,0,0,0
0_323,zext_ln29_2,0,29,zext_ln29_2_fu_1726_p1,not_exist,not_exist,64,zext,0.00,273,['950'],"['26', '0']",0,0,0,0,0
0_324,edges_0_addr_2,0,29,not_exist,not_exist,not_exist,11,getelementptr,0.00,274,"['951', '952', '953']","['26', '0']",0,0,0,0,0
0_325,edges_0_load_2,0,29,not_exist,ram,RAM,64,load,2.26,275,['954'],"['26', '1']",0,0,0,0,0
0_326,edges_1_addr_2,0,29,not_exist,not_exist,not_exist,11,getelementptr,0.00,276,"['955', '956', '957']","['26', '0']",0,0,0,0,0
0_327,edges_1_load_2,0,29,not_exist,ram,RAM,64,load,2.26,277,['958'],"['26', '1']",0,0,0,0,0
0_328,trunc_ln28_2,0,28,trunc_ln28_2_fu_1732_p1,not_exist,not_exist,1,trunc,0.00,278,['959'],"['27', '0']",0,0,0,0,0
0_329,tmp_dst_1,0,29,mux_21_64_1_1_U5,mux,Multiplexer,64,mux,0.84,279,"['960', '961', '962', '963']","['27', '0']",9,0,0,0,0
0_330,trunc_ln30_4,0,30,trunc_ln30_4_fu_1746_p1,not_exist,not_exist,7,trunc,0.00,280,['964'],"['27', '0']",0,0,0,0,0
0_331,tmp_13,0,30,tmp_13_fu_1763_p3,not_exist,not_exist,1,bitselect,0.00,285,"['965', '966', '967']","['28', '0']",0,0,0,0,0
0_332,tmp_14,0,30,tmp_14_reg_2750,not_exist,not_exist,1,bitselect,0.00,281,"['968', '969', '970']","['27', '0']",0,1,0,0,0
0_333,zext_ln30_4,0,30,zext_ln30_4_fu_1758_p1,not_exist,not_exist,64,zext,0.00,282,['971'],"['27', '0']",0,0,0,0,0
0_334,level_addr_7,0,30,not_exist,not_exist,not_exist,7,getelementptr,0.00,283,"['972', '973', '974']","['27', '0']",0,0,0,0,0
0_335,level_load_7,0,30,not_exist,ram,RAM,16,load,2.26,284,['975'],"['27', '1']",0,0,0,0,0
0_336,tmp_15,0,30,tmp_15_fu_1770_p3,not_exist,not_exist,4,bitconcatenate,0.00,286,"['976', '977', '978']","['28', '0']",0,0,0,0,0
0_337,zext_ln30_5,0,30,zext_ln30_5_fu_1778_p1,not_exist,not_exist,16,zext,0.00,287,['979'],"['28', '0']",0,0,0,0,0
0_338,lshr_ln30_2,0,30,lshr_ln30_2_fu_1782_p2,lshr,Shifter,16,lshr,0.00,288,"['980', '981']","['28', '0']",35,0,0,0,0
0_339,trunc_ln30_5,0,30,trunc_ln30_5_fu_1788_p1,not_exist,not_exist,8,trunc,0.00,289,['982'],"['28', '0']",0,0,0,0,0
0_340,icmp_ln32_2,0,32,icmp_ln32_2_fu_1792_p2,icmp,Cmp,1,icmp,2.00,290,"['983', '984']","['28', '0']",11,0,0,0,0
0_341,br_ln32,0,32,not_exist,not_exist,not_exist,0,br,0.84,291,"['985', '986', '987']","['28', '0']",0,0,0,0,0
0_343,tmp_17,0,33,tmp_17_fu_1798_p3,not_exist,not_exist,4,bitconcatenate,0.00,292,"['988', '989', '990']","['28', '0']",0,0,0,0,0
0_344,zext_ln33_4,0,33,zext_ln33_4_fu_1805_p1,not_exist,not_exist,16,zext,0.00,293,['991'],"['28', '0']",0,0,0,0,0
0_345,shl_ln33_4,0,33,shl_ln33_4_fu_1809_p2,shl,Shifter,16,shl,0.00,294,"['992', '993']","['28', '0']",35,0,0,0,0
0_346,xor_ln33_2,0,33,xor_ln33_2_fu_1815_p2,xor,LogicGate,16,xor,0.00,295,"['994', '995']","['28', '0']",16,0,0,0,0
0_347,and_ln33_2,0,33,and_ln33_2_fu_1821_p2,and,LogicGate,16,and,0.00,296,"['996', '997']","['28', '0']",16,0,0,0,0
0_348,zext_ln33_5,0,33,zext_ln33_5_fu_1827_p1,not_exist,not_exist,16,zext,0.00,297,['998'],"['28', '0']",0,0,0,0,0
0_349,shl_ln33_5,0,33,shl_ln33_5_fu_1830_p2,shl,Shifter,16,shl,0.00,298,"['999', '1000']","['28', '0']",35,0,0,0,0
0_350,or_ln33_2,0,33,or_ln33_2_fu_1836_p2,or,LogicGate,16,or,1.67,299,"['1001', '1002']","['28', '0']",16,0,0,0,0
0_351,level_addr_7_write_ln33,0,33,not_exist,ram,RAM,0,store,2.26,300,"['1003', '1004', '1777']","['28', '0']",0,0,0,0,0
0_352,add_ln34_2,0,34,add_ln34_2_fu_1843_p2,add,Adder,64,add,1.81,301,"['1005', '1006']","['28', '0']",71,0,0,0,0
0_353,br_ln35,0,35,not_exist,not_exist,not_exist,0,br,0.84,302,['1007'],"['28', '0']",0,0,0,0,0
0_355,cnt_9_0,0,34,not_exist,not_exist,not_exist,64,phi,0.00,303,"['930', '931', '932', '933']","['28', '0']",0,0,0,0,0
0_356,add_ln28_2,0,28,add_ln28_2_fu_1850_p2,add,Adder,64,add,1.81,304,"['934', '935']","['28', '0']",71,0,0,0,0
0_357,trunc_ln28_3,0,28,trunc_ln28_3_fu_1856_p1,not_exist,not_exist,12,trunc,0.00,305,['936'],"['28', '0']",0,0,0,0,0
0_358,add_ln28_9,0,28,add_ln28_9_fu_1860_p2,add,Adder,12,add,1.33,306,"['937', '938']","['28', '0']",19,0,0,0,0
0_359,xor_ln28_1,0,28,xor_ln28_1_fu_1866_p2,xor,LogicGate,1,xor,0.48,307,"['939', '940']","['28', '0']",2,0,0,0,0
0_360,icmp_ln28_8,0,28,icmp_ln28_8_fu_1871_p2,icmp,Cmp,1,icmp,1.40,308,"['941', '942']","['28', '0']",29,0,0,0,0
0_361,br_ln28,0,28,not_exist,not_exist,not_exist,0,br,0.84,309,"['943', '944', '945']","['28', '0']",0,0,0,0,0
0_363,lshr_ln29_4,0,29,lshr_ln29_4_fu_1876_p4,not_exist,not_exist,11,partselect,0.00,310,"['1015', '1016', '1017', '1018']","['28', '0']",0,0,0,0,0
0_364,zext_ln29_3,0,29,zext_ln29_3_fu_1886_p1,not_exist,not_exist,64,zext,0.00,311,['1019'],"['28', '0']",0,0,0,0,0
0_365,edges_0_addr_4,0,29,not_exist,not_exist,not_exist,11,getelementptr,0.00,312,"['1020', '1021', '1022']","['28', '0']",0,0,0,0,0
0_366,edges_0_load_4,0,29,not_exist,ram,RAM,64,load,2.26,313,['1023'],"['28', '1']",0,0,0,0,0
0_367,edges_1_addr_4,0,29,not_exist,not_exist,not_exist,11,getelementptr,0.00,314,"['1024', '1025', '1026']","['28', '0']",0,0,0,0,0
0_368,edges_1_load_4,0,29,not_exist,ram,RAM,64,load,2.26,315,['1027'],"['28', '1']",0,0,0,0,0
0_369,tmp_dst_1_1,0,29,mux_21_64_1_1_U6,mux,Multiplexer,64,mux,0.84,318,"['1028', '1029', '1030', '1031']","['29', '0']",9,0,0,0,0
0_370,trunc_ln30_6,0,30,trunc_ln30_6_fu_1901_p1,not_exist,not_exist,7,trunc,0.00,319,['1032'],"['29', '0']",0,0,0,0,0
0_371,tmp_18,0,30,tmp_18_fu_1918_p3,not_exist,not_exist,1,bitselect,0.00,324,"['1033', '1034', '1035']","['30', '0']",0,0,0,0,0
0_372,tmp_19,0,30,tmp_19_reg_2786,not_exist,not_exist,1,bitselect,0.00,320,"['1036', '1037', '1038']","['29', '0']",0,1,0,0,0
0_373,zext_ln30_6,0,30,zext_ln30_6_fu_1913_p1,not_exist,not_exist,64,zext,0.00,321,['1039'],"['29', '0']",0,0,0,0,0
0_374,level_addr_9,0,30,not_exist,not_exist,not_exist,7,getelementptr,0.00,322,"['1040', '1041', '1042']","['29', '0']",0,0,0,0,0
0_375,level_load_9,0,30,not_exist,ram,RAM,16,load,2.26,323,"['1043', '1779']","['29', '1']",0,0,0,0,0
0_376,tmp_20,0,30,tmp_20_fu_1925_p3,not_exist,not_exist,4,bitconcatenate,0.00,325,"['1044', '1045', '1046']","['30', '0']",0,0,0,0,0
0_377,zext_ln30_7,0,30,zext_ln30_7_fu_1933_p1,not_exist,not_exist,16,zext,0.00,326,['1047'],"['30', '0']",0,0,0,0,0
0_378,lshr_ln30_3,0,30,lshr_ln30_3_fu_1937_p2,lshr,Shifter,16,lshr,0.00,327,"['1048', '1049']","['30', '0']",35,0,0,0,0
0_379,trunc_ln30_7,0,30,trunc_ln30_7_fu_1943_p1,not_exist,not_exist,8,trunc,0.00,328,['1050'],"['30', '0']",0,0,0,0,0
0_380,icmp_ln32_4,0,32,icmp_ln32_4_fu_1947_p2,icmp,Cmp,1,icmp,2.00,329,"['1051', '1052']","['30', '0']",11,0,0,0,0
0_381,br_ln32,0,32,not_exist,not_exist,not_exist,0,br,0.84,330,"['1053', '1054', '1055']","['30', '0']",0,0,0,0,0
0_383,tmp_21,0,33,tmp_21_fu_1953_p3,not_exist,not_exist,4,bitconcatenate,0.00,331,"['1056', '1057', '1058']","['30', '0']",0,0,0,0,0
0_384,zext_ln33_6,0,33,zext_ln33_6_fu_1960_p1,not_exist,not_exist,16,zext,0.00,332,['1059'],"['30', '0']",0,0,0,0,0
0_385,shl_ln33_6,0,33,shl_ln33_6_fu_1964_p2,shl,Shifter,16,shl,0.00,333,"['1060', '1061']","['30', '0']",35,0,0,0,0
0_386,xor_ln33_3,0,33,xor_ln33_3_fu_1970_p2,xor,LogicGate,16,xor,0.00,334,"['1062', '1063']","['30', '0']",16,0,0,0,0
0_387,and_ln33_3,0,33,and_ln33_3_fu_1976_p2,and,LogicGate,16,and,0.00,335,"['1064', '1065']","['30', '0']",16,0,0,0,0
0_388,zext_ln33_7,0,33,zext_ln33_7_fu_1982_p1,not_exist,not_exist,16,zext,0.00,336,['1066'],"['30', '0']",0,0,0,0,0
0_389,shl_ln33_7,0,33,shl_ln33_7_fu_1985_p2,shl,Shifter,16,shl,0.00,337,"['1067', '1068']","['30', '0']",35,0,0,0,0
0_390,or_ln33_3,0,33,or_ln33_3_fu_1991_p2,or,LogicGate,16,or,1.67,338,"['1069', '1070']","['30', '0']",16,0,0,0,0
0_391,level_addr_9_write_ln33,0,33,not_exist,ram,RAM,0,store,2.26,339,"['1071', '1072', '1778', '1781', '1782']","['30', '0']",0,0,0,0,0
0_392,add_ln34_4,0,34,add_ln34_4_fu_1998_p2,add,Adder,64,add,1.81,340,"['1073', '1074']","['30', '0']",71,0,0,0,0
0_393,br_ln35,0,35,not_exist,not_exist,not_exist,0,br,0.84,341,['1075'],"['30', '0']",0,0,0,0,0
0_395,cnt_9_1,0,34,not_exist,not_exist,not_exist,64,phi,0.00,343,"['1008', '1009', '1010', '1011']","['31', '0']",0,0,0,0,0
0_396,add_ln28_4,0,28,add_ln28_4_fu_2004_p2,add,Adder,64,add,1.81,342,"['1012', '1013']","['30', '0']",71,0,0,0,0
0_397,br_ln28,0,28,not_exist,not_exist,not_exist,0,br,0.00,344,['1014'],"['31', '0']",0,0,0,0,0
0_399,cnt_3_ph,0,34,not_exist,not_exist,not_exist,64,phi,0.00,316,"['1076', '1077', '1078', '1079']","['28', '0']",0,0,0,0,0
0_400,br_ln0,0,0,not_exist,not_exist,not_exist,0,br,0.84,317,['1080'],"['28', '0']",0,0,0,0,0
0_402,cnt_3,0,0,not_exist,not_exist,not_exist,64,phi,0.00,345,"['1081', '1082', '1083', '1084', '1085', '1086']","['32', '0']",0,0,0,0,0
0_403,trunc_ln24_3,0,24,trunc_ln24_3_fu_2020_p1,not_exist,not_exist,8,trunc,0.00,350,['1087'],"['33', '0']",0,0,0,0,0
0_404,n_3,0,24,n_3_fu_2024_p2,not_exist,not_exist,8,or,0.00,351,"['1088', '1089']","['33', '0']",8,0,0,0,0
0_405,zext_ln16_1,0,16,zext_ln16_1_fu_2030_p1,not_exist,not_exist,64,zext,0.00,352,['1090'],"['33', '0']",0,0,0,0,0
0_406,or_ln16_1,0,16,or_ln16_1_fu_2010_p2,not_exist,not_exist,7,or,0.00,346,"['1091', '1092']","['32', '0']",7,0,0,0,0
0_407,zext_ln25_5,0,25,zext_ln25_5_fu_2015_p1,not_exist,not_exist,64,zext,0.00,347,['1093'],"['32', '0']",0,0,0,0,0
0_408,level_addr_6,0,25,not_exist,not_exist,not_exist,7,getelementptr,0.00,348,"['1094', '1095', '1096']","['32', '0']",0,0,0,0,0
0_409,level_load_6,0,25,not_exist,ram,RAM,16,load,2.26,349,"['1097', '1780']","['32', '1']",0,0,0,0,0
0_410,zext_ln25_7,0,25,zext_ln25_7_fu_2035_p1,not_exist,not_exist,16,zext,0.00,353,['1098'],"['33', '0']",0,0,0,0,0
0_411,lshr_ln25_3,0,25,lshr_ln25_3_fu_2038_p2,lshr,Shifter,16,lshr,0.00,354,"['1099', '1100']","['33', '0']",35,0,0,0,0
0_412,trunc_ln25_3,0,25,trunc_ln25_3_fu_2044_p1,not_exist,not_exist,8,trunc,0.00,355,['1101'],"['33', '0']",0,0,0,0,0
0_413,icmp_ln25_3,0,25,icmp_ln25_3_fu_2048_p2,icmp,Cmp,1,icmp,2.00,356,"['1102', '1103']","['33', '0']",11,0,0,0,0
0_414,br_ln25,0,25,not_exist,not_exist,not_exist,0,br,0.84,357,"['1104', '1105', '1106']","['33', '0']",0,0,0,0,0
0_416,nodes_addr_3,0,26,not_exist,not_exist,not_exist,8,getelementptr,0.00,358,"['1320', '1321', '1322']","['33', '0']",0,0,0,0,0
0_417,nodes_load_3,0,26,not_exist,ram,RAM,128,load,2.26,359,['1323'],"['33', '1']",0,0,0,0,0
0_418,tmp_begin_3,0,26,tmp_begin_3_fu_2053_p1,not_exist,not_exist,64,trunc,0.00,360,['1324'],"['34', '0']",0,0,0,0,0
0_419,tmp_end_3,0,27,tmp_end_reg_2472,not_exist,not_exist,64,partselect,0.00,361,"['1325', '1326', '1327', '1328']","['34', '0']",0,64,0,0,0
0_420,icmp_ln28_6,0,28,icmp_ln28_6_fu_2057_p2,icmp,Cmp,1,icmp,1.40,362,"['1329', '1330']","['34', '0']",29,0,0,0,0
0_421,br_ln28,0,28,not_exist,not_exist,not_exist,0,br,0.84,363,"['1331', '1332', '1333']","['34', '0']",0,0,0,0,0
0_423,br_ln28,0,28,not_exist,not_exist,not_exist,0,br,0.84,364,['1334'],"['34', '0']",0,0,0,0,0
0_425,cnt_14_0,0,0,not_exist,not_exist,not_exist,64,phi,0.00,365,"['1335', '1336', '1337', '1338']","['35', '0']",0,0,0,0,0
0_426,e_10_0,0,0,not_exist,not_exist,not_exist,64,phi,0.00,366,"['1339', '1340', '1341', '1342']","['35', '0']",0,0,0,0,0
0_427,icmp_ln28_10,0,28,icmp_ln28_10_fu_2063_p2,icmp,Cmp,1,icmp,1.40,367,"['1343', '1344']","['35', '0']",29,0,0,0,0
0_428,br_ln28,0,28,not_exist,not_exist,not_exist,0,br,0.84,368,"['1345', '1346', '1347']","['35', '0']",0,0,0,0,0
0_431,lshr_ln29_6,0,29,lshr_ln29_6_fu_2069_p4,not_exist,not_exist,11,partselect,0.00,369,"['1364', '1365', '1366', '1367']","['35', '0']",0,0,0,0,0
0_432,zext_ln29_6,0,29,zext_ln29_6_fu_2079_p1,not_exist,not_exist,64,zext,0.00,370,['1368'],"['35', '0']",0,0,0,0,0
0_433,edges_0_addr_6,0,29,not_exist,not_exist,not_exist,11,getelementptr,0.00,371,"['1369', '1370', '1371']","['35', '0']",0,0,0,0,0
0_434,edges_0_load_6,0,29,not_exist,ram,RAM,64,load,2.26,372,['1372'],"['35', '1']",0,0,0,0,0
0_435,edges_1_addr_6,0,29,not_exist,not_exist,not_exist,11,getelementptr,0.00,373,"['1373', '1374', '1375']","['35', '0']",0,0,0,0,0
0_436,edges_1_load_6,0,29,not_exist,ram,RAM,64,load,2.26,374,['1376'],"['35', '1']",0,0,0,0,0
0_437,trunc_ln28_6,0,28,trunc_ln28_6_fu_2085_p1,not_exist,not_exist,1,trunc,0.00,375,['1377'],"['36', '0']",0,0,0,0,0
0_438,tmp_dst_3,0,29,mux_21_64_1_1_U7,mux,Multiplexer,64,mux,0.84,376,"['1378', '1379', '1380', '1381']","['36', '0']",9,0,0,0,0
0_439,trunc_ln30_12,0,30,trunc_ln30_12_fu_2099_p1,not_exist,not_exist,7,trunc,0.00,377,['1382'],"['36', '0']",0,0,0,0,0
0_440,tmp_29,0,30,tmp_29_fu_2116_p3,not_exist,not_exist,1,bitselect,0.00,382,"['1383', '1384', '1385']","['37', '0']",0,0,0,0,0
0_441,tmp_30,0,30,tmp_30_reg_2855,not_exist,not_exist,1,bitselect,0.00,378,"['1386', '1387', '1388']","['36', '0']",0,1,0,0,0
0_442,zext_ln30_12,0,30,zext_ln30_12_fu_2111_p1,not_exist,not_exist,64,zext,0.00,379,['1389'],"['36', '0']",0,0,0,0,0
0_443,level_addr_11,0,30,not_exist,not_exist,not_exist,7,getelementptr,0.00,380,"['1390', '1391', '1392']","['36', '0']",0,0,0,0,0
0_444,level_load_11,0,30,not_exist,ram,RAM,16,load,2.26,381,['1393'],"['36', '1']",0,0,0,0,0
0_445,tmp_31,0,30,tmp_31_fu_2123_p3,not_exist,not_exist,4,bitconcatenate,0.00,383,"['1394', '1395', '1396']","['37', '0']",0,0,0,0,0
0_446,zext_ln30_13,0,30,zext_ln30_13_fu_2131_p1,not_exist,not_exist,16,zext,0.00,384,['1397'],"['37', '0']",0,0,0,0,0
0_447,lshr_ln30_6,0,30,lshr_ln30_6_fu_2135_p2,lshr,Shifter,16,lshr,0.00,385,"['1398', '1399']","['37', '0']",35,0,0,0,0
0_448,trunc_ln30_13,0,30,trunc_ln30_13_fu_2141_p1,not_exist,not_exist,8,trunc,0.00,386,['1400'],"['37', '0']",0,0,0,0,0
0_449,icmp_ln32_6,0,32,icmp_ln32_6_fu_2145_p2,icmp,Cmp,1,icmp,2.00,387,"['1401', '1402']","['37', '0']",11,0,0,0,0
0_450,br_ln32,0,32,not_exist,not_exist,not_exist,0,br,0.84,388,"['1403', '1404', '1405']","['37', '0']",0,0,0,0,0
0_452,tmp_33,0,33,tmp_33_fu_2151_p3,not_exist,not_exist,4,bitconcatenate,0.00,389,"['1406', '1407', '1408']","['37', '0']",0,0,0,0,0
0_453,zext_ln33_12,0,33,zext_ln33_12_fu_2158_p1,not_exist,not_exist,16,zext,0.00,390,['1409'],"['37', '0']",0,0,0,0,0
0_454,shl_ln33_12,0,33,shl_ln33_12_fu_2162_p2,shl,Shifter,16,shl,0.00,391,"['1410', '1411']","['37', '0']",35,0,0,0,0
0_455,xor_ln33_6,0,33,xor_ln33_6_fu_2168_p2,xor,LogicGate,16,xor,0.00,392,"['1412', '1413']","['37', '0']",16,0,0,0,0
0_456,and_ln33_6,0,33,and_ln33_6_fu_2174_p2,and,LogicGate,16,and,0.00,393,"['1414', '1415']","['37', '0']",16,0,0,0,0
0_457,zext_ln33_13,0,33,zext_ln33_13_fu_2180_p1,not_exist,not_exist,16,zext,0.00,394,['1416'],"['37', '0']",0,0,0,0,0
0_458,shl_ln33_13,0,33,shl_ln33_13_fu_2183_p2,shl,Shifter,16,shl,0.00,395,"['1417', '1418']","['37', '0']",35,0,0,0,0
0_459,or_ln33_6,0,33,or_ln33_6_fu_2189_p2,or,LogicGate,16,or,1.67,396,"['1419', '1420']","['37', '0']",16,0,0,0,0
0_460,level_addr_11_write_ln33,0,33,not_exist,ram,RAM,0,store,2.26,397,"['1421', '1422', '1783']","['37', '0']",0,0,0,0,0
0_461,add_ln34_6,0,34,add_ln34_6_fu_2196_p2,add,Adder,64,add,1.81,398,"['1423', '1424']","['37', '0']",71,0,0,0,0
0_462,br_ln35,0,35,not_exist,not_exist,not_exist,0,br,0.84,399,['1425'],"['37', '0']",0,0,0,0,0
0_464,cnt_17_0,0,34,not_exist,not_exist,not_exist,64,phi,0.00,400,"['1348', '1349', '1350', '1351']","['37', '0']",0,0,0,0,0
0_465,add_ln28_6,0,28,add_ln28_6_fu_2203_p2,add,Adder,64,add,1.81,401,"['1352', '1353']","['37', '0']",71,0,0,0,0
0_466,trunc_ln28_7,0,28,trunc_ln28_7_fu_2209_p1,not_exist,not_exist,12,trunc,0.00,402,['1354'],"['37', '0']",0,0,0,0,0
0_467,add_ln28_11,0,28,add_ln28_11_fu_2213_p2,add,Adder,12,add,1.33,403,"['1355', '1356']","['37', '0']",19,0,0,0,0
0_468,xor_ln28_3,0,28,xor_ln28_3_fu_2219_p2,xor,LogicGate,1,xor,0.48,404,"['1357', '1358']","['37', '0']",2,0,0,0,0
0_469,icmp_ln28_11,0,28,icmp_ln28_11_fu_2224_p2,icmp,Cmp,1,icmp,1.40,405,"['1359', '1360']","['37', '0']",29,0,0,0,0
0_470,br_ln28,0,28,not_exist,not_exist,not_exist,0,br,0.84,406,"['1361', '1362', '1363']","['37', '0']",0,0,0,0,0
0_472,lshr_ln29_7,0,29,lshr_ln29_7_fu_2230_p4,not_exist,not_exist,11,partselect,0.00,407,"['1433', '1434', '1435', '1436']","['37', '0']",0,0,0,0,0
0_473,zext_ln29_7,0,29,zext_ln29_7_fu_2240_p1,not_exist,not_exist,64,zext,0.00,408,['1437'],"['37', '0']",0,0,0,0,0
0_474,edges_0_addr_7,0,29,not_exist,not_exist,not_exist,11,getelementptr,0.00,409,"['1438', '1439', '1440']","['37', '0']",0,0,0,0,0
0_475,edges_0_load_7,0,29,not_exist,ram,RAM,64,load,2.26,410,['1441'],"['37', '1']",0,0,0,0,0
0_476,edges_1_addr_7,0,29,not_exist,not_exist,not_exist,11,getelementptr,0.00,411,"['1442', '1443', '1444']","['37', '0']",0,0,0,0,0
0_477,edges_1_load_7,0,29,not_exist,ram,RAM,64,load,2.26,412,['1445'],"['37', '1']",0,0,0,0,0
0_478,tmp_dst_3_1,0,29,mux_21_64_1_1_U8,mux,Multiplexer,64,mux,0.84,413,"['1446', '1447', '1448', '1449']","['38', '0']",9,0,0,0,0
0_479,trunc_ln30_14,0,30,trunc_ln30_14_fu_2255_p1,not_exist,not_exist,7,trunc,0.00,414,['1450'],"['38', '0']",0,0,0,0,0
0_480,tmp_34,0,30,tmp_34_fu_2272_p3,not_exist,not_exist,1,bitselect,0.00,419,"['1451', '1452', '1453']","['39', '0']",0,0,0,0,0
0_481,tmp_35,0,30,tmp_35_reg_2891,not_exist,not_exist,1,bitselect,0.00,415,"['1454', '1455', '1456']","['38', '0']",0,1,0,0,0
0_482,zext_ln30_14,0,30,zext_ln30_14_fu_2267_p1,not_exist,not_exist,64,zext,0.00,416,['1457'],"['38', '0']",0,0,0,0,0
0_483,level_addr_12,0,30,not_exist,not_exist,not_exist,7,getelementptr,0.00,417,"['1458', '1459', '1460']","['38', '0']",0,0,0,0,0
0_484,level_load_12,0,30,not_exist,ram,RAM,16,load,2.26,418,"['1461', '1785']","['38', '1']",0,0,0,0,0
0_485,tmp_36,0,30,tmp_36_fu_2279_p3,not_exist,not_exist,4,bitconcatenate,0.00,420,"['1462', '1463', '1464']","['39', '0']",0,0,0,0,0
0_486,zext_ln30_15,0,30,zext_ln30_15_fu_2287_p1,not_exist,not_exist,16,zext,0.00,421,['1465'],"['39', '0']",0,0,0,0,0
0_487,lshr_ln30_7,0,30,lshr_ln30_7_fu_2291_p2,lshr,Shifter,16,lshr,0.00,422,"['1466', '1467']","['39', '0']",35,0,0,0,0
0_488,trunc_ln30_15,0,30,trunc_ln30_15_fu_2297_p1,not_exist,not_exist,8,trunc,0.00,423,['1468'],"['39', '0']",0,0,0,0,0
0_489,icmp_ln32_7,0,32,icmp_ln32_7_fu_2301_p2,icmp,Cmp,1,icmp,2.00,424,"['1469', '1470']","['39', '0']",11,0,0,0,0
0_490,br_ln32,0,32,not_exist,not_exist,not_exist,0,br,0.84,425,"['1471', '1472', '1473']","['39', '0']",0,0,0,0,0
0_492,tmp_37,0,33,tmp_37_fu_2307_p3,not_exist,not_exist,4,bitconcatenate,0.00,426,"['1474', '1475', '1476']","['39', '0']",0,0,0,0,0
0_493,zext_ln33_14,0,33,zext_ln33_14_fu_2314_p1,not_exist,not_exist,16,zext,0.00,427,['1477'],"['39', '0']",0,0,0,0,0
0_494,shl_ln33_14,0,33,shl_ln33_14_fu_2318_p2,shl,Shifter,16,shl,0.00,428,"['1478', '1479']","['39', '0']",35,0,0,0,0
0_495,xor_ln33_7,0,33,xor_ln33_7_fu_2324_p2,xor,LogicGate,16,xor,0.00,429,"['1480', '1481']","['39', '0']",16,0,0,0,0
0_496,and_ln33_7,0,33,and_ln33_7_fu_2330_p2,and,LogicGate,16,and,0.00,430,"['1482', '1483']","['39', '0']",16,0,0,0,0
0_497,zext_ln33_15,0,33,zext_ln33_15_fu_2336_p1,not_exist,not_exist,16,zext,0.00,431,['1484'],"['39', '0']",0,0,0,0,0
0_498,shl_ln33_15,0,33,shl_ln33_15_fu_2339_p2,shl,Shifter,16,shl,0.00,432,"['1485', '1486']","['39', '0']",35,0,0,0,0
0_499,or_ln33_7,0,33,or_ln33_7_fu_2345_p2,or,LogicGate,16,or,1.67,433,"['1487', '1488']","['39', '0']",16,0,0,0,0
0_500,level_addr_12_write_ln33,0,33,not_exist,ram,RAM,0,store,2.26,434,"['1489', '1490', '1784', '1786', '1787']","['39', '0']",0,0,0,0,0
0_501,add_ln34_7,0,34,add_ln34_7_fu_2352_p2,add,Adder,64,add,1.81,435,"['1491', '1492']","['39', '0']",71,0,0,0,0
0_502,br_ln35,0,35,not_exist,not_exist,not_exist,0,br,0.84,436,['1493'],"['39', '0']",0,0,0,0,0
0_504,cnt_17_1,0,34,not_exist,not_exist,not_exist,64,phi,0.00,437,"['1426', '1427', '1428', '1429']","['39', '0']",0,0,0,0,0
0_505,add_ln28_7,0,28,add_ln28_7_fu_2359_p2,add,Adder,64,add,1.81,438,"['1430', '1431']","['39', '0']",71,0,0,0,0
0_506,br_ln28,0,28,not_exist,not_exist,not_exist,0,br,0.00,439,['1432'],"['39', '0']",0,0,0,0,0
0_508,cnt_5_ph,0,34,not_exist,not_exist,not_exist,64,phi,0.00,440,"['1494', '1495', '1496', '1497']","['40', '0']",0,0,0,0,0
0_509,br_ln0,0,0,not_exist,not_exist,not_exist,0,br,0.84,441,['1498'],"['40', '0']",0,0,0,0,0
0_511,cnt_5,0,0,not_exist,not_exist,not_exist,64,phi,0.00,443,"['1499', '1500', '1501', '1502', '1503', '1504']","['41', '0']",0,0,0,0,0
0_512,n_5,0,24,n_5_fu_2365_p2,add,Adder,9,add,1.35,442,"['1505', '1506']","['40', '0']",16,0,0,0,0
0_513,br_ln24,0,24,not_exist,not_exist,not_exist,0,br,0.00,444,['1507'],"['41', '0']",0,0,0,0,0
0_515,add_ln39,0,39,add_ln39_fu_1636_p2,add,Adder,7,add,1.27,243,"['1107', '1109']","['23', '0']",14,0,0,0,0
0_516,lshr_ln,0,39,lshr_ln_fu_1641_p4,not_exist,not_exist,4,partselect,0.00,244,"['1111', '1112', '1114', '1116']","['23', '0']",0,0,0,0,0
0_517,zext_ln39_1,0,39,zext_ln39_1_fu_1651_p1,not_exist,not_exist,64,zext,0.00,245,['1117'],"['23', '0']",0,0,0,0,0
0_518,level_counts_addr_2,0,39,not_exist,not_exist,not_exist,4,getelementptr,0.00,246,"['1118', '1119', '1120']","['23', '0']",0,0,0,0,0
0_519,level_counts_addr_2_write_ln39,0,39,not_exist,ram,RAM,0,store,1.14,247,"['1121', '1122']","['23', '0']",0,0,0,0,0
0_520,icmp_ln39_1,0,39,icmp_ln39_1_fu_1656_p2,icmp,Cmp,1,icmp,1.40,248,"['1123', '1124']","['23', '0']",29,0,0,0,0
0_521,br_ln39,0,39,not_exist,not_exist,not_exist,0,br,0.00,249,"['1125', '1126', '1127']","['23', '0']",0,0,0,0,0
0_523,horizon_write_ln21,0,21,not_exist,not_exist,not_exist,0,store,0.84,250,"['1128', '1129', '1789', '1790']","['23', '0']",0,0,0,0,0
0_524,br_ln21,0,21,not_exist,not_exist,not_exist,0,br,0.00,251,['1130'],"['23', '0']",0,0,0,0,0
0_526,br_ln40,0,40,not_exist,not_exist,not_exist,0,br,0.00,252,['860'],"['23', '0']",0,0,0,0,0
0_528,br_ln0,0,0,not_exist,not_exist,not_exist,0,br,0.00,25,['865'],"['2', '0']",0,0,0,0,0
0_530,_ln42,0,42,not_exist,not_exist,not_exist,0,ret,0.00,253,[],"['23', '0']",0,0,0,0,0
